0 -2.22343e-05  0.000139225   0.00026091 0.595469 0.801278 -2.94299e-06 0.058058
1   -0.184454    0.994903 -0.00247315 0.569265 0.821776 0.003279 0.0247209
2  -0.639105    1.72974 -0.0694807 0.586393 0.800154 -0.0366529 0.120641
3  -0.652039    1.65796 -0.0128873 0.664988 0.746614 -0.00252781 0.0187626
4  -0.724635     2.2228 -0.0177216 0.757135 0.650245 0.0149078 0.0608704
5  -0.640377    2.19283 -0.0147487 0.828562 0.558906 -0.0194089 0.0270505
6 -0.672303   2.16457 -0.022172 0.91124 0.410865 0.00297245 0.0286878
7 0.0849745   2.93201 -0.045762 0.919793 0.391704 0.00250518 0.0232871
8   0.770176    3.49333 -0.0471838 0.904362 0.410147 -0.108046 0.0472664
9   0.816978    3.51871 -0.0109911 0.908057 0.41848 -0.00261632 0.017346
10    1.53193    4.36911 -0.0228406 0.900592 0.434052 -0.0230229 0.001556
11    1.73845    4.70543 -0.0260705 0.944687 0.319184 -0.032015 0.0682844
12    1.71427     4.6701 -0.0252019 0.975076 0.215088 -0.0162309 0.0519687
13    2.70485    4.99501 -0.0381331 0.979168 0.200857 0.021151 0.0209439
14    3.75769    5.32696 -0.0108676 0.983163 0.178396 -0.030744 0.0249071
15   4.09718   5.42078 0.0130803 0.997169 0.0252236 -0.0443557 0.0552362
16   4.02236   5.37504 0.0197836 0.992078 -0.120354 0.0217227 0.0286964
17   4.05891   5.29773 0.0277451 0.969264 -0.240905 -0.0493029 0.00780642
18   4.01682    5.3224 0.0241782 0.9235 -0.380978 -0.0191455 0.0404493
19   3.94342   5.35792 0.0185376 0.853799 -0.517538 0.0295856 0.048029
20   3.91223   5.25448 0.0211008 0.811666 -0.582224 -0.0418305 -0.0215444
21    3.92134    5.29111 0.00954668 0.716673 -0.696128 -0.0422391 0.00142415
22    3.88786    5.35616 0.00738953 -0.585868 0.810029 0.00762157 -0.0235222
23    3.79301    5.43794 -0.0180615 -0.483245 0.873169 -0.062627 0.0113264
24   3.64876   5.59227 -0.017861 -0.618991 0.782726 -0.0636553 0.0117825
25    3.69851    5.60439 -0.0120225 0.755438 -0.654518 0.0302231 -0.00260049
26     3.73697     5.60414 -0.00457339 0.867968 -0.496251 0.016322 0.0100028
27    3.71727    5.59633 0.00141757 0.941397 -0.334584 0.0425529 -0.00389767
28     3.72808     5.56027 -0.00328084 0.986479 -0.156963 0.0356123 -0.0308925
29    3.75664    5.57563 0.00336949 0.998065 -0.0499675 0.0252639 -0.027036
30    3.81052    5.62091 0.00622213 0.997776 0.0651367 -0.014143 -9.14349e-05
31    3.84543    5.66552 0.00938334 0.984294 0.171159 -0.0351609 0.0251717
32    3.88015    5.70244 0.00658007 0.939884 0.338586 -0.0337134 0.0290064
33    3.94435    5.69138 0.00112615 0.85898 0.50973 -0.0482352 -0.00165416
34     4.00686      5.6891 -0.00160927 0.750111 0.657262 -0.0630352 -0.0369545
35    4.00259     5.7265 0.00657694 0.623582 0.777544 -0.0760013 -0.0281855
36     3.78283     5.77847 -0.00512474 0.513404 0.853004 -0.0573916 0.0742136
37    3.78265    5.74158 -0.0136424 0.409863 0.908135 -0.0553077 0.0651472
38     3.83237     5.72734 -0.00898236 0.26379 0.960375 -0.0885015 0.0162057
39     3.74855     5.64254 -0.00166608 0.151489 0.984824 -0.0254705 0.080768
40    3.12464    5.87341 -0.0500265 0.0391584 0.997222 -0.0464389 0.0431187
41    2.56329    5.91451 -0.0599285 -0.0814171 0.993799 -0.0719713 0.0235731
42     2.23086     5.73096 -0.00942561 -0.136865 0.983656 0.00544197 0.116869
43    2.52251    5.81012 -0.0668711 -0.144208 0.988892 0.0358199 0.00360608
